#2015-05-12  16:25
# k:	0.02	0.015	0.02	0.02
# k Multiplier = 1
# DataSets =Willott
# L_0 	 M_0 	 beta 	 gamma 	 chi_sqr 	 Number of Bins
18.0	11.25	0.75	0.4	5.0565671638	5
18.0204113488	11.2426400603	0.765015989013	0.392076718282	3.89759530466	5	   
18.0588848595	11.2190766504	0.764182817437	0.383547219962	3.20411617935	5	   
18.0588848595	11.2190766504	0.764182817437	0.383547219962	3.20411617935	5	   
18.0290147623	11.2405663925	0.795530619551	0.38900654329	3.70851198901	5	   *
18.0182268249	11.2395650375	0.75761469903	0.396783512501	4.04468106875	5	   *
18.024244845	11.229249646	0.721150314984	0.371483818935	3.85084100079	5	   
18.0310268479	11.2397221057	0.706913668219	0.416311433091	3.91515369616	5	   *
18.0488680985	11.2555653989	0.680043718093	0.415628927498	3.62666245605	5	   
18.0488680985	11.2555653989	0.680043718093	0.415628927498	3.62666245605	5	   
18.0488680985	11.2555653989	0.680043718093	0.415628927498	3.62666245605	4	   +1 
18.042944264	11.2700857124	0.68722934576	0.39710225592	3.53172619986	5	   
18.0507681683	11.2618022149	0.684959510564	0.371265969245	3.358051677	5	   
18.0507681683	11.2618022149	0.684959510564	0.371265969245	3.358051677	5	   
18.0512710741	11.2495865516	0.677457808105	0.384397722383	3.42789105583	5	   *
18.0534319292	11.2349663768	0.658089279386	0.380377959329	3.42128195846	5	   
18.0534319292	11.2349663768	0.658089279386	0.380377959329	3.42128195846	5	   
18.0534319292	11.2349663768	0.658089279386	0.380377959329	3.42128195846	5	   
18.0534319292	11.2349663768	0.658089279386	0.380377959329	3.42128195846	4	   +1 
18.0534319292	11.2349663768	0.658089279386	0.380377959329	3.42128195846	5	   
18.0534319292	11.2349663768	0.658089279386	0.380377959329	3.42128195846	5	   
18.0755953615	11.2399136815	0.672676823466	0.389175829116	3.15893793552	5	   
18.0700295032	11.2262614849	0.689163478726	0.408510177973	3.24098658572	5	   *
18.0719778541	11.2394546316	0.651924382135	0.399051010441	3.20498451858	5	   
18.0737021919	11.2577757564	0.672664362056	0.418060724251	3.23784975916	5	   *
18.0737021919	11.2577757564	0.672664362056	0.418060724251	3.23784975916	4	   +1 
18.0737021919	11.2577757564	0.672664362056	0.418060724251	3.23784975916	5	   
18.0882068829	11.2513180586	0.660276525838	0.420858516491	3.11700144366	5	   
18.0957488963	11.2721972332	0.651293958854	0.415499794538	3.00178043951	5	   
18.0957488963	11.2721972332	0.651293958854	0.415499794538	3.00178043951	5	   
18.0908873638	11.2880172627	0.672452865728	0.425730399581	3.05406252874	5	   *
18.0781230495	11.2866800748	0.693133001757	0.459346362267	3.33570512373	5	   *
18.0781230495	11.2866800748	0.693133001757	0.459346362267	3.33570512373	4	   +1 
18.0716274615	11.2788705177	0.689069886369	0.437235807981	3.36487807504	5	   *
18.111648512	11.2881005531	0.687156490039	0.452987595699	2.9477438932	5	   
18.1097078381	11.2863962594	0.692706502616	0.439245187108	2.94441726296	5	   
18.1170184373	11.2847463756	0.694850922482	0.462492070335	2.91984458799	5	   
18.1363016592	11.2654555732	0.677004409274	0.454203131355	2.85538644478	5	   
18.1363016592	11.2654555732	0.677004409274	0.454203131355	2.85538644478	5	   
18.1419690879	11.2676067317	0.664690856914	0.459088828841	2.86131640366	5	   *
18.1419690879	11.2676067317	0.664690856914	0.459088828841	2.86131640366	5	   
18.1419690879	11.2676067317	0.664690856914	0.459088828841	2.86131640366	5	   
18.082349861	11.257039434	0.695528554612	0.44010916648	3.19761738927	5	   *
18.0711179499	11.280270101	0.73677661992	0.436972869418	3.22246628393	5	   *
18.0694561323	11.2879349444	0.738703061004	0.413889353152	3.17882451324	5	   
18.0694561323	11.2879349444	0.738703061004	0.413889353152	3.17882451324	5	   
18.0915903469	11.2797073395	0.741122576398	0.418454028936	3.01352292194	5	   
18.0910628509	11.2739315872	0.740324881278	0.437252195041	3.00434554796	5	   
18.0690306022	11.283885235	0.77133187078	0.441882291551	3.22220409282	5	   *
18.0801456962	11.2884457476	0.786370038701	0.428737462681	3.06184144907	5	   
18.0584216111	11.3111339087	0.796054553521	0.418356547396	3.21876749531	5	   *
18.0505394851	11.292608431	0.809573366606	0.416780854004	3.35363483471	5	   *
18.0799121026	11.3059747623	0.868066393524	0.430033001036	3.02619812871	5	   
18.0799121026	11.3059747623	0.868066393524	0.430033001036	3.02619812871	5	   
18.0799121026	11.3059747623	0.868066393524	0.430033001036	3.02619812871	5	   
18.0777315076	11.3114539092	0.853813393281	0.421083471404	3.05534358261	5	   *
18.0777315076	11.3114539092	0.853813393281	0.421083471404	3.05534358261	5	   
18.0777315076	11.3114539092	0.853813393281	0.421083471404	3.05534358261	5	   
18.082204814	11.3137205012	0.870017659761	0.420327373842	3.02080470656	5	   
18.0905735145	11.3028255442	0.843121554668	0.44081347618	2.96911679969	5	   
18.092405536	11.2964316839	0.845585327207	0.422530141285	2.94663038061	5	   
18.0683730923	11.2597241352	0.8460065219	0.421707982351	3.18905584477	5	   *
18.1102850389	11.2423431707	0.83089330323	0.448039390901	2.89511330304	5	   
18.1187243116	11.2256459547	0.850366207012	0.435634815369	2.84912645172	5	   
18.1187243116	11.2256459547	0.850366207012	0.435634815369	2.84912645172	5	   
18.1079147175	11.2446112337	0.896465528371	0.425572220542	2.89466922783	5	   *
18.1079147175	11.2446112337	0.896465528371	0.425572220542	2.89466922783	5	   
18.1079147175	11.2446112337	0.896465528371	0.425572220542	2.89466922783	5	   
18.0934509822	11.2374912593	0.918464125955	0.442053439671	2.91895031913	5	   *
18.0750976068	11.2431969101	0.912323909716	0.444439928326	3.21184704222	5	   *
18.0601645141	11.252879886	0.954633665058	0.457980176389	3.96399263689	4	   +1 *
18.0696888735	11.2497711695	0.965768834269	0.474217315772	3.93073991111	4	   +1 
18.0696888735	11.2497711695	0.965768834269	0.474217315772	3.93073991111	4	   +1 
18.1053665214	11.2280757051	0.977763807153	0.483964371621	3.67373239837	4	   +1 
18.1053665214	11.2280757051	0.977763807153	0.483964371621	3.67373239837	4	   +1 
18.1265271239	11.2345924963	0.983000726245	0.496414940132	3.59568184063	4	   +1 
18.1292431238	11.2456387891	0.996534552229	0.498375738312	3.11525280268	4	   +1 
18.1292431238	11.2456387891	0.996534552229	0.498375738312	3.11525280268	4	   +1 
18.1195597666	11.237917056	0.973772883919	0.497169650274	3.62601727869	4	   +1 *
18.1446836189	11.2612252242	0.940325195676	0.505054485688	2.79248612955	5	   
18.1654922624	11.2473734498	0.918825300134	0.480689649768	2.83974784984	5	   *
18.1654922624	11.2473734498	0.918825300134	0.480689649768	2.83974784984	5	   
18.1805506155	11.241636605	0.951540134041	0.496652933004	2.87646866827	5	   *
18.1805506155	11.241636605	0.951540134041	0.496652933004	2.87646866827	5	   
18.1645564722	11.2432899306	0.928376714347	0.491181985736	2.82590806993	5	   
18.1640032002	11.2441565066	0.908741800627	0.475959090185	2.83424835648	5	   *
18.1525449186	11.2172915672	0.924366813615	0.491591797261	2.79900482892	5	   
18.1466421236	11.2048092489	0.960316628332	0.454242794325	2.81169608287	5	   *
18.1542845694	11.1859274522	0.956843359769	0.444986991207	2.83583611975	5	   *
18.1489886956	11.1924458486	1.01140438235	0.454659789051	2.81915961572	5	   
18.1526809877	11.1719141702	1.03010370349	0.446342132755	2.83614389571	5	   *
18.1526809877	11.1719141702	1.03010370349	0.446342132755	2.83614389571	5	   
18.1651664855	11.1785716471	1.03063193957	0.424715186745	4.57742906484	5	   *
18.138700787	11.2097891614	1.01326250623	0.414933953588	4.57212149642	5	   
18.1463457713	11.2195253776	1.022824342	0.443053580857	4.56669490601	5	   
18.1518177402	11.221505472	1.06551624332	0.439609637173	4.57264576132	5	   *
18.1680122156	11.2288848811	1.08368532066	0.449600797402	4.54689557939	5	   
18.1479295689	11.2395521007	1.06427667357	0.447624689349	4.55993523951	5	   *
18.1498509547	11.2371515605	1.06842806805	0.44572100079	4.55877402367	5	   
18.125382349	11.2243196403	1.0580332589	0.445294988923	2.81207663838	5	   
18.125382349	11.2243196403	1.0580332589	0.445294988923	2.81207663838	4	   +1 
18.125382349	11.2243196403	1.0580332589	0.445294988923	2.81207663838	5	   
18.1225232449	11.2356231514	1.07788041277	0.434842626708	2.81959588915	5	   *
18.1225232449	11.2356231514	1.07788041277	0.434842626708	2.81959588915	5	   
18.1689359768	11.2349442196	1.09778716218	0.423447050663	4.57765416074	5	   *
18.1984211723	11.2206092357	1.11099882141	0.43085077428	5.02545540108	5	   *
18.1933401817	11.2126682923	1.09917303677	0.419076931575	5.00156328665	5	   
18.1853876593	11.2061847475	1.07820989367	0.442261411817	4.66677391039	5	   
18.21793326	11.2055902773	1.11417861394	0.473856816444	4.89397632375	5	   *
18.2470548731	11.2064932027	1.08384862324	0.454569262355	5.64585332616	5	   *
18.2599762743	11.2124121234	1.04659228881	0.451745220732	5.93877459563	5	   *
18.2760197439	11.2108176897	1.04729301017	0.47597261358	6.09043696374	5	   *
18.2779322397	11.2099667918	1.08095408995	0.472155069259	6.19255743694	5	   *
18.2644421747	11.2292023163	1.04906440273	0.500931676605	5.68190859575	5	   
18.2644421747	11.2292023163	1.04906440273	0.500931676605	5.68190859575	5	   
18.2502883974	11.2343315641	1.04969968421	0.507342701792	5.28109348096	5	   
18.2774431773	11.2214657776	1.02454982188	0.501350865057	5.88474342848	5	   *
18.2707622284	11.2374346495	1.02549907727	0.513913486265	5.71769201241	5	   
18.2550977614	11.2267088401	1.02042580308	0.495145825744	5.523205886	5	   
18.2550977614	11.2267088401	1.02042580308	0.495145825744	5.523205886	5	   
18.2660547366	11.2173352209	1.01398714331	0.478478521218	5.8494496361	5	   *
18.2281099016	11.2091964732	1.02913612955	0.470857487939	5.0377051222	5	   
18.2045112361	11.2184110013	1.04395070962	0.484670875025	4.72675844298	5	   
18.1978045878	11.2140795207	1.04790586063	0.523345794759	2.96892377009	5	   
18.1751185523	11.2170224871	1.03411559311	0.517715186934	2.84488884691	4	   +1 
18.1627969432	11.2358682925	1.04789775869	0.501957076044	2.82351414066	5	   
18.1813607361	11.2315628251	1.06453180637	0.520702926849	2.88025765369	5	   *
18.1750391855	11.2291565578	1.04604179877	0.517101003413	2.86652812319	5	   
18.1584196779	11.2075822031	1.03834780267	0.518687001862	3.6080463616	4	   +1 *
18.1336474543	11.1887624899	1.02370444812	0.485474544421	3.61041105972	4	   +1 *
18.1283610776	11.1988752839	1.00952931537	0.540891529743	5.35292502716	4	   +1 *
18.0927653783	11.1701858381	1.01889346948	0.551165900167	7.43330308274	4	   +1 *
18.1065121065	11.1692781753	1.03034120211	0.533952115608	7.21508486754	4	   +1 
18.1224200505	11.1736058574	1.01782508941	0.528535957703	5.39948719519	4	   +1 
18.1224200505	11.1736058574	1.01782508941	0.528535957703	5.39948719519	4	   +1 
18.1172213356	11.1806089473	1.04100912115	0.502947887861	4.34124433417	4	   +1 
18.12840019	11.1813627074	1.06275173646	0.507323141219	3.60786218646	4	   +1 
18.1185532544	11.1998553858	1.06253779195	0.513434727915	4.31036715118	4	   +1 *
18.1282345803	11.1898955847	1.05006037726	0.522484541059	4.29700316525	4	   +1 
18.1248901534	11.2063879448	1.07474769764	0.529569704712	4.28702605065	4	   +1 
18.0985670293	11.1950827458	1.06490157188	0.521654544226	5.4341447168	4	   +1 *
18.0985670293	11.1950827458	1.06490157188	0.521654544226	5.4341447168	4	   +1 
18.0829184069	11.1911148442	1.07468123972	0.509493528391	5.54415653056	4	   +1 *
18.0882813071	11.2107665505	1.0878608031	0.471015822271	3.70561938221	4	   +1 
18.0795540547	11.1842328732	1.0856054773	0.463498830703	3.75499523788	4	   +1 *
18.0596507688	11.1847068589	1.08321948363	0.471655468509	5.6496106041	4	   +1 *
18.0451194751	11.1973765844	1.0687880008	0.452408021554	4.70842400445	4	   +1 
18.0451194751	11.1973765844	1.0687880008	0.452408021554	4.70842400445	4	   +1 
18.0451194751	11.1973765844	1.0687880008	0.452408021554	4.70842400445	4	   +1 
18.0390183939	11.1773194365	1.04365151429	0.465848081673	7.66369121603	4	   +1 *
18.0575113287	11.1750883029	1.0451221097	0.473596593066	5.71432000097	4	   +1 
18.0575113287	11.1750883029	1.0451221097	0.473596593066	5.71432000097	4	   +1 
18.0677099354	11.1976403975	1.01654364761	0.470609438751	4.60929358653	4	   +1 
18.0846913482	11.1717654132	1.01113940962	0.480691637721	5.5234801177	4	   +1 *
18.0826365953	11.1787384085	0.980017445378	0.490395652397	5.602919505	4	   +1 *
18.1179803085	11.1464822725	0.97077129797	0.472728862314	3.69363145061	4	   +1 
18.1322116482	11.1597444883	0.945611748721	0.446582059021	2.81931043321	5	   
18.1247933256	11.1313011562	0.95571885827	0.470751574092	3.67763938512	4	   +1 *
18.1332161826	11.1337438534	0.959123658054	0.461096478758	3.63630966668	4	   +1 
18.1375376135	11.1632524474	0.957619397369	0.454654774841	2.82270367807	5	   
18.1100902825	11.1676931422	0.95519712821	0.473286052638	3.69755236225	4	   +1 *
18.1100902825	11.1676931422	0.95519712821	0.473286052638	3.69755236225	4	   +1 
18.1100902825	11.1676931422	0.95519712821	0.473286052638	3.69755236225	4	   +1 
18.1155497391	11.171076326	0.920778873824	0.419841510981	2.8243232147	5	   
18.1155497391	11.171076326	0.920778873824	0.419841510981	2.8243232147	5	   
18.1155497391	11.171076326	0.920778873824	0.419841510981	2.8243232147	5	   
18.1155669509	11.1637933549	0.903902737381	0.423158883229	2.83816214104	5	   *
18.1245616333	11.149650215	0.928364574026	0.451612542317	2.88387341875	5	   *
18.1435815754	11.1598614096	0.942738636435	0.456062663181	2.82077932201	5	   
18.1636163384	11.1692413668	0.929259652764	0.470992159276	2.85499938172	5	   *
18.1534008469	11.1772459874	0.931875936468	0.473696575764	2.81860863467	5	   
18.1534008469	11.1772459874	0.931875936468	0.473696575764	2.81860863467	5	   
18.1443429844	11.1793601449	0.895622474147	0.464949429471	2.82749649187	5	   *
18.1443429844	11.1793601449	0.895622474147	0.464949429471	2.82749649187	5	   
18.1458130921	11.1828103265	0.898583477726	0.435491765521	2.83127911267	5	   *
18.1466977009	11.16723154	0.896204753536	0.439401299418	2.82712509173	5	   
18.1587013296	11.1841126336	0.888294248846	0.44366627749	2.84681414701	5	   *
18.1433586282	11.171388513	0.898956771258	0.407048873062	4.58727355194	5	   *
18.1470657113	11.1562325795	0.886547015977	0.355619756191	4.55507601778	5	   
18.1269598032	11.1379025311	0.875205933995	0.314191751251	4.54468024935	5	   
18.1241910209	11.1769937241	0.919234759167	0.328376118004	4.53633767453	5	   
18.1478535751	11.1507261135	0.925908990247	0.380529311524	4.54730865879	5	   *
18.1677110007	11.1224421884	0.93139718997	0.375230886683	4.64013348357	5	   *
18.1641883901	11.1209285855	0.91137283569	0.375697234923	4.63043365606	5	   
18.1456805507	11.1152764069	0.953073854503	0.387987249703	4.61878658115	5	   
18.1288592836	11.1300759779	0.935487122501	0.371551638137	4.58515508586	5	   
18.1190822006	11.1200299209	0.950891412969	0.37500046473	4.59745378491	5	   *
18.0877339847	11.1317936316	0.927272644044	0.386455757578	2.91556607509	5	   
18.1019117689	11.113678048	0.941342039445	0.396913644182	2.89410972272	5	   
18.1019117689	11.113678048	0.941342039445	0.396913644182	2.89410972272	5	   
18.1019117689	11.113678048	0.941342039445	0.396913644182	2.89410972272	5	   
18.1492743978	11.1371628068	0.953192601066	0.382099913529	4.55652676023	5	   *
18.1492743978	11.1371628068	0.953192601066	0.382099913529	4.55652676023	5	   
18.1574422506	11.1478602758	0.93555153504	0.357306170191	4.63248070497	5	   *
18.1385491784	11.1532956344	0.958069919598	0.342123873085	4.56217472104	5	   
18.1108438583	11.1555455182	0.958204546453	0.315317408438	4.55962023546	5	   
18.0977367431	11.1633106091	0.978832530678	0.292578272158	4.5862064623	5	   *
18.0818696892	11.1572864276	0.984359662586	0.276849992179	4.59406124554	5	   *
18.0758453833	11.155315628	0.967308387537	0.270653724993	4.60551295946	5	   *
18.0873977453	11.1438709688	0.970994924576	0.283487588329	4.58635760646	5	   
18.0919118839	11.146110721	0.982003632191	0.285265289499	4.58075505294	5	   
18.132286523	11.132182066	0.971449675004	0.282358963027	4.85328425697	5	   *
18.1218499226	11.1262815323	0.976528752446	0.278797084582	4.83448674079	5	   
18.1218499226	11.1262815323	0.976528752446	0.278797084582	4.83448674079	5	   
18.1242400235	11.1229911022	0.967127557152	0.27856989624	4.8445184981	5	   *
18.1445774919	11.1204895355	0.940014471972	0.289160633278	4.95058722292	5	   *
18.1445774919	11.1204895355	0.940014471972	0.289160633278	4.95058722292	5	   
18.1587172945	11.1082921096	0.950245222615	0.305789090545	6.13586928828	5	   *
18.1587172945	11.1082921096	0.950245222615	0.305789090545	6.13586928828	5	   
18.1685506328	11.111612807	0.958286532293	0.330538017594	6.16534498285	5	   *
18.160974935	11.1216595463	0.997836492233	0.341890123069	4.76548839497	5	   
18.131449163	11.117962546	0.975755520897	0.37784277755	4.59360096406	5	   
18.1267872694	11.1158665719	1.00407336521	0.393867835241	4.57368630347	5	   
18.0978112484	11.1032875567	0.98203833231	0.404933755182	2.94853339031	5	   
18.0949065315	11.1077526302	0.984381343719	0.393599321669	2.90571612521	5	   
18.073470403	11.1036729979	0.990953779482	0.376298331441	2.93422563502	5	   *
18.07419338	11.1102157063	0.967950848965	0.365934467918	2.92984914076	5	   
18.1084796646	11.108690528	0.95675246254	0.390708730741	2.83288630963	5	   
18.1084796646	11.108690528	0.95675246254	0.390708730741	2.83288630963	5	   
18.1164690576	11.1167422575	0.960072163562	0.397786046839	2.82916669928	5	   
18.1187710948	11.1152992422	0.952379604269	0.410996058411	2.8303484544	5	   *
18.1055305365	11.1168410878	0.9512716268	0.422934117685	2.94560913123	5	   *
18.1055305365	11.1168410878	0.9512716268	0.422934117685	2.94560913123	4	   +1 
18.121637876	11.1162050176	0.943506436832	0.404968641477	2.8229834469	5	   
18.121637876	11.1162050176	0.943506436832	0.404968641477	2.8229834469	5	   
18.121637876	11.1162050176	0.943506436832	0.404968641477	2.8229834469	5	   
18.121637876	11.1162050176	0.943506436832	0.404968641477	2.8229834469	5	   
18.1387530403	11.1228164059	0.951525688637	0.425770816129	2.82584203435	5	   *
18.1387530403	11.1228164059	0.951525688637	0.425770816129	2.82584203435	5	   
18.1387530403	11.1228164059	0.951525688637	0.425770816129	2.82584203435	5	   
18.1353804449	11.1131363003	0.990136145247	0.421991210332	2.82584203435	5	   *
18.1257303252	11.0940178123	0.974208399594	0.437062298517	3.0024865269	5	   *
18.1257303252	11.0940178123	0.974208399594	0.437062298517	3.0024865269	4	   +1 
18.134594421	11.0832890428	0.990625778881	0.453296255469	3.66171803579	4	   +1 *
18.1545503525	11.0931893379	1.00464269596	0.431514708815	2.87506749857	5	   
18.1873931277	11.0951771901	1.00895216682	0.457837864732	3.021749553	5	   *
18.184685516	11.0903626366	0.983833225214	0.451984405086	3.00548377658	5	   
18.1949478031	11.0861109321	1.00220327556	0.440023073986	3.10463678184	5	   *
18.203529512	11.0997964139	0.954342367904	0.453347629676	3.13106423089	5	   *
18.157314049	11.0960325105	0.978554273417	0.444997871971	2.86979108653	5	   
18.1775568446	11.0760971042	0.990485392791	0.45269136757	2.96781565895	5	   *
18.1527550041	11.0716735319	0.978376590508	0.416992673244	2.88287437728	5	   
18.1347020042	11.0741565816	1.02045003603	0.444653879417	3.66407917992	4	   +1 *
18.1655529502	11.0585960226	1.00287365043	0.438424145149	2.9194421593	5	   
18.1625382664	11.0697122699	0.990729774644	0.426479308245	2.91588953825	5	   
18.1402634167	11.0641626251	0.988171611535	0.410575011869	2.86087225968	5	   
18.1402634167	11.0641626251	0.988171611535	0.410575011869	2.86087225968	4	   +1 
18.1402634167	11.0641626251	0.988171611535	0.410575011869	2.86087225968	5	   
18.1389528215	11.0568071035	1.02759093837	0.397090046911	2.85602207628	5	   
18.1400436948	11.0278491752	0.993778587626	0.38749749426	2.87499330093	5	   *
18.1400436948	11.0278491752	0.993778587626	0.38749749426	2.87499330093	5	   
18.1274975311	11.0373819499	1.00277672578	0.386218531164	2.85807654545	5	   
18.1103465278	11.0163150493	1.01607925246	0.379617932378	2.86653581498	5	   *
18.0957297134	11.0165866155	0.994978569675	0.394967501691	3.1230040806	5	   *
18.0791067701	10.9831011098	0.986777979545	0.384336391904	3.25367621316	5	   *
18.0791067701	10.9831011098	0.986777979545	0.384336391904	3.25367621316	4	   +1 
18.0791067701	10.9831011098	0.986777979545	0.384336391904	3.25367621316	4	   +1 
18.0516332087	10.999815367	0.987060545286	0.375619373152	4.08862411163	4	   +1 *
18.0516332087	10.999815367	0.987060545286	0.375619373152	4.08862411163	4	   +1 
18.0516332087	10.999815367	0.987060545286	0.375619373152	4.08862411163	4	   +1 
18.0516332087	10.999815367	0.987060545286	0.375619373152	4.08862411163	4	   +1 
18.0449633008	10.9965655977	1.00191020646	0.366718716748	3.45372396076	5	   
18.025288589	10.9554825159	1.02771204911	0.337806816473	3.60691279551	5	   *
18.0307548514	10.9409067449	1.03464308225	0.319714379799	3.40106391458	5	   
18.0307548514	10.9409067449	1.03464308225	0.319714379799	3.40106391458	4	   +1 
18.0308729089	10.9284146802	1.04120687984	0.298745269985	3.21628926622	5	   
18.0019261857	10.9065803994	1.0213076889	0.301694664623	3.78910373586	5	   *
18.0019261857	10.9065803994	1.0213076889	0.301694664623	3.78910373586	4	   +1 
17.9976876633	10.8978292447	1.0092060178	0.317803665958	4.42288007783	5	   *
17.9976876633	10.8978292447	1.0092060178	0.317803665958	4.42288007783	4	   +1 
18.0077505067	10.9137264408	1.02956632911	0.318046828829	3.86365470715	5	   
18.0077505067	10.9137264408	1.02956632911	0.318046828829	3.86365470715	4	   +1 
17.988284877	10.9170465144	1.03117698438	0.284572949357	3.82064217886	5	   
18.0070384655	10.9226729071	1.06357995808	0.282213615463	3.33607961906	5	   
18.0070384655	10.9226729071	1.06357995808	0.282213615463	3.33607961906	5	   
17.9893411073	10.9099026213	1.06019609821	0.313245132395	4.38736970029	5	   *
17.9963550979	10.8789413337	1.04111004944	0.348027323534	8.88446897678	4	   +1 *
17.9834978988	10.8840888943	1.03463270937	0.358355941952	9.57457027132	4	   +1 *
17.9708617396	10.8990978442	0.997486695026	0.348785907611	9.61315981478	4	   +1 *
17.9954468978	10.8921422393	1.00000534171	0.337259705772	6.90815230785	4	   +1 
17.9942487197	10.8838732613	0.978520558301	0.314445633617	4.52488447138	5	   
18.0142991737	10.8716527326	0.977189779844	0.313779151659	3.88922315338	5	   
18.0288824075	10.8713353637	0.951893569068	0.323357090827	3.73857978474	5	   
18.0288824075	10.8713353637	0.951893569068	0.323357090827	3.73857978474	4	   +1 
18.0634422267	10.8846197665	0.944640382668	0.339256871206	3.3786517908	5	   
18.0673315709	10.8736488054	0.922233839653	0.329650469337	3.34021778343	5	   
18.0806527283	10.8807588838	0.911254846435	0.315377499094	2.98516512489	5	   
18.0806527283	10.8807588838	0.911254846435	0.315377499094	2.98516512489	4	   +1 
18.086936726	10.8730859804	0.910795298044	0.304654835779	4.69696256037	5	   *
18.1029738015	10.8872455732	0.927875982163	0.311635761909	4.64087802837	5	   
18.0918999029	10.8549708928	0.93389941435	0.314432565588	4.72184250303	5	   *
18.1326010909	10.8411708965	0.929072728103	0.294229648704	4.65509099901	5	   
18.1298238809	10.8458084778	0.924914658482	0.289169365425	4.65418468949	5	   
18.1412201853	10.855666724	0.908414761354	0.267277691929	4.73293156102	5	   *
18.1412201853	10.855666724	0.908414761354	0.267277691929	4.73293156102	5	   
18.1412201853	10.855666724	0.908414761354	0.267277691929	4.73293156102	5	   
18.1263843586	10.8492335989	0.869189989632	0.265522596981	4.65598755456	5	   
18.1388072649	10.8445632119	0.857314395942	0.261688232722	4.70796338567	5	   *
18.1388072649	10.8445632119	0.857314395942	0.261688232722	4.70796338567	5	   
18.149891206	10.842229148	0.844680534133	0.275037599956	4.73309231011	5	   *
18.1477636905	10.8244006952	0.846309227157	0.277887176291	4.72964495323	5	   
18.152546649	10.8393320503	0.81702269447	0.296994566544	4.70560463511	5	   
18.1437304217	10.8276700011	0.827329652699	0.311841267801	4.69240763453	5	   
18.1398348092	10.839521287	0.865042541458	0.28938799362	4.66705817045	5	   
18.1211899876	10.8716372779	0.83266793839	0.307991500941	4.66400484821	5	   
18.1097162932	10.8549280344	0.821352796864	0.313168069031	4.71865814463	5	   *
18.1492341971	10.8443705283	0.816579134597	0.310404314997	4.71807219852	5	   
18.149327086	10.8565597041	0.841510011612	0.32365293736	4.70842439483	5	   
18.1218773563	10.8878373136	0.841277244371	0.310455188748	4.67166273134	5	   
18.1189289842	10.8993408939	0.850405168179	0.298367197842	4.66653564972	5	   
18.0979072615	10.9175849453	0.82533584356	0.289668303821	4.65690015052	5	   
18.1115426169	10.9201812988	0.840934918047	0.281343321527	4.58824230449	5	   
18.1115426169	10.9201812988	0.840934918047	0.281343321527	4.58824230449	5	   
18.0740586082	10.9001593423	0.811623636406	0.265014830273	4.6929404354	5	   *
18.0906438015	10.8968792865	0.817393803308	0.29843538141	4.69875402958	5	   *
18.1045838315	10.8782528733	0.794217817803	0.305827530966	4.70403054108	5	   *
18.1007818249	10.8860562851	0.812291118035	0.289446508047	4.65812409924	5	   
18.1006364787	10.8788036506	0.840828692787	0.265421813584	4.58903454339	5	   
18.0817428975	10.8879954143	0.862984028959	0.254971434284	4.5857883808	5	   
18.0683057073	10.8850923585	0.881389214453	0.258212889205	4.70001890096	5	   *
18.0634132918	10.8631521329	0.885290155538	0.25062909135	4.69928441074	5	   
18.0489154276	10.8418711552	0.88578388397	0.241061840652	4.7229604753	5	   *
18.0524126264	10.8494870842	0.877808872702	0.209393646661	4.62273707222	5	   
18.0919610714	10.8244354581	0.873088787969	0.19641175847	5.96040495527	5	   *
18.0957269197	10.8551323415	0.880660926988	0.186411835515	6.91511366167	5	   *
18.0953025769	10.8696826355	0.870374917462	0.204602343685	5.95699284721	5	   
18.0655587301	10.859216259	0.882067206201	0.212033984287	5.77908020056	5	   
18.0655587301	10.859216259	0.882067206201	0.212033984287	5.77908020056	5	   
18.0661011539	10.8757611547	0.859318805533	0.207854361535	4.59084797586	5	   
18.0500000245	10.861998456	0.892975509602	0.224747503261	4.68135897115	5	   *
18.0273733536	10.8474787084	0.90601862842	0.2417468698	4.85137114523	5	   *
18.0286173451	10.8528355081	0.902760295746	0.215572044268	4.71718026601	5	   
18.0212231022	10.8485709173	0.882988952567	0.236020034109	4.91320498347	5	   *
18.0176184899	10.8746217279	0.858877569734	0.198507560503	4.74277691053	5	   
18.0154559649	10.8791532317	0.85763188685	0.173323643893	4.69734643552	5	   
18.0283272578	10.8671238542	0.87858363669	0.180437421125	4.68020450955	5	   
18.022438892	10.8612827574	0.849401238079	0.196188132911	4.69432788331	5	   *
18.0060777214	10.8601102905	0.875402952588	0.224179092279	4.95118557408	5	   *
17.9595285633	10.8479176905	0.892301911492	0.209399991737	5.46987802184	5	   *
17.9640961017	10.8477121363	0.91693331256	0.208789758166	5.33823149421	5	   
17.9841495973	10.8116843634	0.963686222554	0.227794676944	5.17577641372	5	   
17.9524830728	10.7871101456	0.961961728799	0.245360227754	4.6017277414	5	   
17.9524830728	10.7871101456	0.961961728799	0.245360227754	4.6017277414	5	   
17.9184211843	10.7717615106	0.964681975399	0.210655515235	4.89884946799	5	   *
17.9184211843	10.7717615106	0.964681975399	0.210655515235	4.89884946799	5	   
17.9291114172	10.7749148042	0.977613873779	0.217478380452	4.611951822	5	   
17.8985633851	10.7694288131	0.9598956628	0.205991738484	5.2514630924	5	   *
17.8985633851	10.7694288131	0.9598956628	0.205991738484	5.2514630924	5	   
17.9123265086	10.7716547567	0.941195899055	0.212676053627	5.09133888643	5	   
17.9172129237	10.7689660107	0.933595982798	0.181213771044	6.06288638642	5	   *
17.9301922345	10.7590070049	0.955851315505	0.187090207618	5.76621984378	5	   
17.9321039426	10.7566889138	0.93724744636	0.207503897492	4.52536340066	5	   
17.9321039426	10.7566889138	0.93724744636	0.207503897492	4.52536340066	5	   
17.9321039426	10.7566889138	0.93724744636	0.207503897492	4.52536340066	5	   
17.9321039426	10.7566889138	0.93724744636	0.207503897492	4.52536340066	5	   
17.9321039426	10.7566889138	0.93724744636	0.207503897492	4.52536340066	5	   
17.9632504807	10.7687175204	0.949655420549	0.233451404658	4.20411074543	5	   
17.9542715406	10.773689518	0.95316005427	0.226967519364	4.23949021577	5	   *
17.9542715406	10.773689518	0.95316005427	0.226967519364	4.23949021577	5	   
17.9246022341	10.7981736729	0.95620774998	0.229269910931	4.99697089105	5	   *
17.9291032147	10.7765834642	0.972680335813	0.208494720597	4.48524940187	5	   
17.9122153194	10.7947687184	0.975935256669	0.20189303482	4.73194682525	5	   *
17.9122153194	10.7947687184	0.975935256669	0.20189303482	4.73194682525	5	   
17.9122153194	10.7947687184	0.975935256669	0.20189303482	4.73194682525	5	   
17.9041431637	10.7854497066	0.954445735546	0.20528719786	5.10334434998	5	   *
17.9041431637	10.7854497066	0.954445735546	0.20528719786	5.10334434998	5	   
17.9326065896	10.7925403586	0.949059148378	0.232861972024	4.91758347227	5	   
17.9587392092	10.7880376808	0.974482835827	0.217574852257	5.59465932643	5	   *
17.9328196184	10.7952534094	0.993009134437	0.215137458443	4.38946554794	5	   
17.9328196184	10.7952534094	0.993009134437	0.215137458443	4.38946554794	5	   
17.948051189	10.788106914	0.988366611334	0.232354022571	4.36378008586	5	   
17.9376347775	10.8137104581	0.994459266665	0.190175534124	5.49246698292	5	   *
17.9712561533	10.8084290631	0.998373606228	0.200229922744	5.085907583	5	   
17.9636315942	10.8225017707	0.983839054497	0.203843412764	5.22522808198	5	   *
17.9436209314	10.8322933898	0.976044677056	0.156532512816	5.11571527017	5	   
17.9551641915	10.8112520174	1.00104632587	0.120580878359	4.78906109134	5	   
17.9611376108	10.802956713	0.992504344556	0.127771225883	4.76898818698	5	   
17.9611376108	10.802956713	0.992504344556	0.127771225883	4.76898818698	5	   
17.9545256046	10.7769222233	0.982182124427	0.125802775198	4.81338664347	5	   *
17.9110142468	10.7869735971	0.972730418534	0.0901828861643	4.98935648204	5	   *
17.9100620046	10.7800579076	0.998131513858	0.12698843111	5.2756402304	5	   *
17.9185584769	10.772641913	0.950901535215	0.121123841954	3.47150565408	5	   
17.9185584769	10.772641913	0.950901535215	0.121123841954	3.47150565408	5	   
17.9185584769	10.772641913	0.950901535215	0.121123841954	3.47150565408	5	   
17.9247362375	10.7952786482	0.939183602556	0.113343297567	3.32820243959	5	   
17.9247362375	10.7952786482	0.939183602556	0.113343297567	3.32820243959	5	   
17.9247362375	10.7952786482	0.939183602556	0.113343297567	3.32820243959	5	   
17.9247362375	10.7952786482	0.939183602556	0.113343297567	3.32820243959	5	   
17.9215311285	10.8022495309	0.931604911388	0.121920469549	3.47373234601	5	   *
17.9215311285	10.8022495309	0.931604911388	0.121920469549	3.47373234601	5	   
17.9774509705	10.8030166389	0.916627795245	0.150892705712	3.09306578042	5	   
17.9774509705	10.8030166389	0.916627795245	0.150892705712	3.09306578042	5	   
17.939199762	10.7690557643	0.9046999693	0.162585106437	5.35167955393	5	   *
17.939199762	10.7690557643	0.9046999693	0.162585106437	5.35167955393	5	   
17.9304416055	10.7995263339	0.900723229092	0.148986067959	5.34911609105	5	   
17.9482397591	10.7749709907	0.853749418416	0.138939541438	5.05932933727	5	   
17.9660330567	10.7658623986	0.852309464501	0.153887078444	4.97299322823	5	   
17.9682270801	10.7696208293	0.842042593164	0.158051621972	4.98265816252	5	   *
18.0078414642	10.7693875988	0.860296784719	0.175080122137	4.71724388556	5	   
17.9893391582	10.7713352451	0.865429852751	0.151893320884	3.05174442759	5	   
17.9893391582	10.7713352451	0.865429852751	0.151893320884	3.05174442759	5	   
17.9893391582	10.7713352451	0.865429852751	0.151893320884	3.05174442759	5	   
17.9893391582	10.7713352451	0.865429852751	0.151893320884	3.05174442759	5	   
17.9893391582	10.7713352451	0.865429852751	0.151893320884	3.05174442759	5	   
17.9893391582	10.7713352451	0.865429852751	0.151893320884	3.05174442759	5	   
17.9893391582	10.7713352451	0.865429852751	0.151893320884	3.05174442759	5	   
17.9893391582	10.7713352451	0.865429852751	0.151893320884	3.05174442759	5	   
17.9856142474	10.7737956497	0.878610482574	0.156111528626	3.08313720775	5	   *
17.9856142474	10.7737956497	0.878610482574	0.156111528626	3.08313720775	5	   
18.012545207	10.7718831782	0.888866478822	0.172236634523	3.00563174431	5	   
18.012545207	10.7718831782	0.888866478822	0.172236634523	3.00563174431	5	   
18.012545207	10.7718831782	0.888866478822	0.172236634523	3.00563174431	5	   
18.012545207	10.7718831782	0.888866478822	0.172236634523	3.00563174431	5	   
18.0323104912	10.7421009315	0.883687608308	0.192356027104	4.67424672572	5	   *
18.0340181737	10.7408895991	0.908684902799	0.19771393876	4.66986221352	5	   
18.0624382782	10.7470072373	0.917946734374	0.188067604681	4.61205995389	5	   
18.0624382782	10.7470072373	0.917946734374	0.188067604681	4.61205995389	5	   
18.0624382782	10.7470072373	0.917946734374	0.188067604681	4.61205995389	5	   
18.0755256629	10.7257501602	0.934479259029	0.184218749006	4.63088880213	5	   *
18.0924502114	10.7254313861	0.942788171719	0.210287397683	4.64075594949	5	   *
18.1008089027	10.7146934245	0.94273422597	0.22643594158	4.66031044175	5	   *
18.0883892035	10.7022073394	0.937268057255	0.183733093349	4.7923010534	5	   *
18.0881897524	10.7187647159	0.968141856314	0.194949880965	4.66231554812	5	   
18.1148768465	10.7129811435	0.975428637661	0.244867395028	4.68467279234	5	   *
18.1345326029	10.7137336259	0.962428665504	0.260907997469	4.75095997533	5	   *
18.1290826591	10.7095149086	0.929716333697	0.277182974663	4.72532737397	5	   
18.1083088622	10.7188232925	0.942066925243	0.316856480027	3.10650377387	5	   
18.1083088622	10.7188232925	0.942066925243	0.316856480027	3.10650377387	4	   +1 
18.1083088622	10.7188232925	0.942066925243	0.316856480027	3.10650377387	5	   
18.1083088622	10.7188232925	0.942066925243	0.316856480027	3.10650377387	5	   
18.1237462477	10.719937486	0.93164556222	0.316758847295	3.03938303489	5	   
18.0969783098	10.7146181352	0.945859151304	0.315940550503	3.30543553083	5	   *
18.0969783098	10.7146181352	0.945859151304	0.315940550503	3.30543553083	5	   
18.0970533361	10.6979453222	0.965199659426	0.32263389627	3.41341277669	5	   *
18.1187270039	10.6808084767	0.97908440373	0.316555339208	3.13391090485	5	   
18.1187270039	10.6808084767	0.97908440373	0.316555339208	3.13391090485	5	   
18.1187270039	10.6808084767	0.97908440373	0.316555339208	3.13391090485	5	   
18.1187270039	10.6808084767	0.97908440373	0.316555339208	3.13391090485	5	   
18.1187270039	10.6808084767	0.97908440373	0.316555339208	3.13391090485	5	   
18.1187270039	10.6808084767	0.97908440373	0.316555339208	3.13391090485	5	   
18.1555518364	10.6861614372	0.952260215479	0.301879907844	4.81493576808	5	   *
18.188602374	10.679633808	0.966656110751	0.302159771599	4.99946053585	5	   *
18.1848394337	10.6709114916	0.957483773579	0.301885527095	4.99928660358	5	   
18.182824	10.6747714804	0.929455686292	0.327940545021	4.88930065393	5	   
18.2067697158	10.6843458785	0.932815794338	0.289167794633	5.2436792456	5	   *
18.1625187078	10.6707837777	0.896340505153	0.305930080079	4.81381086499	5	   
18.0935459295	10.6792497209	0.899152372926	0.305240154479	3.3796208136	5	   
18.1123099943	10.6981016091	0.881990979789	0.318452568084	3.27954937735	5	   
18.0962622762	10.711681206	0.854863554389	0.28717388989	4.77446144963	5	   *
18.0722294015	10.7085393937	0.874624316306	0.284038904424	3.25292938731	5	   
18.0722294015	10.7085393937	0.874624316306	0.284038904424	3.25292938731	5	   
18.0722294015	10.7085393937	0.874624316306	0.284038904424	3.25292938731	5	   
18.0917625422	10.7014265282	0.873196357612	0.292630681711	3.13325119814	5	   
18.0917625422	10.7014265282	0.873196357612	0.292630681711	3.13325119814	5	   
18.107634325	10.7003687579	0.884046992247	0.266868159699	4.69774058085	5	   *
18.1214060286	10.7130546155	0.887213903217	0.251529545763	4.65781469646	5	   
18.1268036004	10.7064689799	0.904576673614	0.31152400918	3.03527243001	5	   
18.1268036004	10.7064689799	0.904576673614	0.31152400918	3.03527243001	5	   
18.0922647373	10.7009209115	0.914371877064	0.295684785009	3.13940008899	5	   *
18.0647912798	10.7285828805	0.917421834064	0.307641702729	3.51369970213	5	   *
18.0647912798	10.7285828805	0.917421834064	0.307641702729	3.51369970213	4	   +1 
18.0647912798	10.7285828805	0.917421834064	0.307641702729	3.51369970213	5	   
18.1082954322	10.6884049315	0.905257596508	0.310633127653	3.14268668317	5	   
18.098843508	10.7033970397	0.901089780907	0.319092756199	3.38406983859	5	   *
18.098843508	10.7033970397	0.901089780907	0.319092756199	3.38406983859	4	   +1 
18.102733373	10.6984201834	0.921583208875	0.308994552296	3.15787039386	5	   
18.102733373	10.6984201834	0.921583208875	0.308994552296	3.15787039386	5	   
18.1274027931	10.7197996927	0.927349813641	0.294452881292	4.71952986868	5	   *
18.1324475674	10.7101579792	0.92770872552	0.290908100151	4.73565179846	5	   *
18.141084534	10.6994039935	0.89070922331	0.301616621732	4.74976483435	5	   *
18.1198752727	10.7211474883	0.889563811999	0.302177374094	4.74775739178	5	   
18.1060022129	10.7144313331	0.870435039186	0.303210953608	3.04797728081	5	   
18.0951997835	10.7065009619	0.865881824305	0.314719279123	3.3802867482	5	   *
18.0929458176	10.6994152688	0.854468319373	0.303179431543	3.33241103911	5	   
18.0929458176	10.6994152688	0.854468319373	0.303179431543	3.33241103911	5	   
18.0929458176	10.6994152688	0.854468319373	0.303179431543	3.33241103911	5	   
18.0658868438	10.6962928598	0.86642965926	0.316910548308	3.7731096551	5	   *
18.0658868438	10.6962928598	0.86642965926	0.316910548308	3.7731096551	4	   +1 
18.0848337403	10.6898988616	0.827718404472	0.321196074804	3.60560288548	5	   
18.0816469185	10.7015055728	0.849661467808	0.31253453536	3.50341891752	5	   
18.0804639096	10.6885529958	0.868078465447	0.305700785134	3.44165124831	5	   
18.1041315247	10.6892935615	0.840907676983	0.340682194291	3.80651609465	5	   *
18.1041315247	10.6892935615	0.840907676983	0.340682194291	3.80651609465	4	   +1 
18.101371574	10.6812375429	0.847458267999	0.327493206038	3.47001284835	5	   
18.125329069	10.6844273357	0.861782045204	0.328741136532	3.28987208252	5	   
18.1533857066	10.6935702357	0.867474569517	0.329990062518	3.03025644141	5	   
18.1625693485	10.6952587988	0.837055505416	0.335937087183	3.0413283319	5	   *
18.1737907032	10.7017139173	0.854242836052	0.320596732611	4.83206194749	5	   *
18.1645987458	10.6781741545	0.834280898455	0.291276923453	4.82461915175	5	   
18.1700514036	10.6779159602	0.845940598834	0.307353463594	4.8220318336	5	   
18.1881401182	10.674807084	0.857815560693	0.305918001933	4.94347161275	5	   *
18.1847812178	10.6984479419	0.856724584159	0.302571498229	4.89504317292	5	   
18.2017364967	10.7148672938	0.853103334153	0.319929318528	4.97498800937	5	   *
18.1759941386	10.7390664093	0.869901582463	0.318932220329	4.86463502491	5	   
18.1873282534	10.729155841	0.861391886149	0.33983053198	4.87184304193	5	   *
18.203181147	10.7429284394	0.861871344692	0.341696681901	4.97466945648	5	   *
18.1973758201	10.7373292747	0.868945797388	0.326852491748	4.98223649329	5	   *
18.184220019	10.7160779006	0.867878895442	0.328469292853	4.87936990925	5	   
18.208477906	10.7314656474	0.894846715461	0.331255314662	5.09382147423	5	   *
18.2082712169	10.7222388176	0.927886576245	0.359504226461	3.24720080797	5	   
18.2411764813	10.7076198168	0.906136465729	0.329331019174	5.48316142116	5	   *
18.2301726864	10.711713278	0.866799628289	0.327645306714	5.27181308704	5	   
18.2598591672	10.7624488822	0.850258549827	0.368921768768	5.51630515262	5	   *
18.2592753643	10.735206056	0.84967460471	0.353424124839	5.56008814859	5	   *
18.2592753643	10.735206056	0.84967460471	0.353424124839	5.56008814859	5	   
18.3184274878	10.7371958975	0.870587971721	0.368517513276	6.90194005896	5	   *
18.2942073764	10.7164437536	0.88911925131	0.37409689622	6.0409833881	5	   
18.2886586519	10.7119794314	0.929896524004	0.387260710884	5.96562432325	5	   
18.2732173087	10.7025056382	0.916532175978	0.368814788541	5.72074836679	5	   
18.2618429152	10.7279928398	0.908308196634	0.410383019545	3.61621815358	5	   
18.2618429152	10.7279928398	0.908308196634	0.410383019545	3.61621815358	5	   
18.2472997039	10.7270755131	0.904969944013	0.401888901337	3.46079657871	5	   
18.2200387009	10.7338278147	0.907054898861	0.387302303831	3.26114665327	5	   
18.2321725178	10.7501649369	0.924303891528	0.403560025136	3.38959762392	5	   *
18.2321725178	10.7501649369	0.924303891528	0.403560025136	3.38959762392	5	   
18.2248182756	10.7575655337	0.916083349215	0.392916407601	3.3087246923	5	   
18.2248182756	10.7575655337	0.916083349215	0.392916407601	3.3087246923	4	   +1 
18.2248182756	10.7575655337	0.916083349215	0.392916407601	3.3087246923	5	   
18.2248182756	10.7575655337	0.916083349215	0.392916407601	3.3087246923	5	   
18.1892678233	10.7581984449	0.899705993108	0.367053496729	3.11491236667	5	   
18.2000876123	10.7603480752	0.956434066896	0.369019154191	3.19803900397	5	   *
18.2088524261	10.7631109802	0.974849284228	0.367503471261	3.29882590703	5	   *
18.1925231703	10.7421567753	0.967125768174	0.36620605304	3.16084435712	5	   
18.1925231703	10.7421567753	0.967125768174	0.36620605304	3.16084435712	5	   
18.1925231703	10.7421567753	0.967125768174	0.36620605304	3.16084435712	5	   
18.1976631613	10.7238662568	0.989519467338	0.387497043446	3.33720905548	5	   *
18.1879207523	10.7377918491	0.98156155265	0.356085652626	3.16176108634	5	   
18.1894713602	10.7183393955	0.9875027476	0.375190086935	3.31388039899	5	   *
18.1910083112	10.7275215383	1.01060190321	0.366626542679	3.16829428032	5	   
18.1936939023	10.7086877033	0.982617452832	0.364656761278	3.216753943	5	   *
18.1936939023	10.7086877033	0.982617452832	0.364656761278	3.216753943	4	   +1 
18.1936939023	10.7086877033	0.982617452832	0.364656761278	3.216753943	4	   +1 
18.1936939023	10.7086877033	0.982617452832	0.364656761278	3.216753943	5	   
18.1969644779	10.7035183078	0.973568701481	0.35600463298	3.19481571042	5	   
18.204275811	10.7236459418	0.969125269243	0.391653334667	3.35477943259	5	   *
18.204275811	10.7236459418	0.969125269243	0.391653334667	3.35477943259	4	   +1 
18.204275811	10.7236459418	0.969125269243	0.391653334667	3.35477943259	5	   
18.204275811	10.7236459418	0.969125269243	0.391653334667	3.35477943259	5	   
18.2190464322	10.7366685667	0.979849666269	0.429321811071	4.73644379904	4	   +1 *
18.2060899756	10.7384752375	1.00522425504	0.409939086677	4.02272388723	4	   +1 
18.2060899756	10.7384752375	1.00522425504	0.409939086677	4.02272388723	4	   +1 
18.1889613638	10.7499816267	0.991856765915	0.396080101436	3.32132297115	5	   
18.2053661727	10.7780837799	0.957251545045	0.401242737396	3.3504360394	5	   *
18.225702034	10.7820895312	0.96040365419	0.42168237876	3.45065668442	5	   *
18.2355317145	10.7787218512	0.994138971682	0.449650896911	4.15653802327	4	   +1 *
18.2355317145	10.7787218512	0.994138971682	0.449650896911	4.15653802327	4	   +1 
18.2355317145	10.7787218512	0.994138971682	0.449650896911	4.15653802327	4	   +1 
18.2355317145	10.7787218512	0.994138971682	0.449650896911	4.15653802327	4	   +1 
18.2355317145	10.7787218512	0.994138971682	0.449650896911	4.15653802327	4	   +1 
18.26570599	10.7879465048	1.00273508207	0.453111185694	4.49340362779	4	   +1 *
18.2505552848	10.8259696092	1.04026961496	0.433374224352	3.67119288337	5	   
18.2524073372	10.8068858324	1.06336770185	0.436168888364	3.73238916896	5	   *
18.2357621178	10.7870833164	1.10018147139	0.441123409101	4.2550289625	4	   +1 *
18.2357621178	10.7870833164	1.10018147139	0.441123409101	4.2550289625	4	   +1 
18.2812799431	10.7897182289	1.1006337676	0.432386905391	4.19246515433	5	   
18.2838006182	10.7707263668	1.09723857406	0.448474058601	4.12707366964	5	   
18.26210542	10.7914300026	1.07945759139	0.417047821074	3.94656460686	5	   
18.2826988791	10.8005866016	1.09141070852	0.422912262341	4.28288111894	5	   *
18.2816394786	10.8112958053	1.0624787211	0.446552808145	4.12432305728	5	   
18.2881721213	10.7804719993	1.06855654174	0.420502333099	4.31907112592	5	   *
18.2896456698	10.754757267	1.0777152912	0.440276400359	4.15906468608	5	   
18.2972191379	10.7605966314	1.05357803016	0.457794643287	4.49340617524	4	   +1 *
18.2972191379	10.7605966314	1.05357803016	0.457794643287	4.49340617524	4	   +1 
18.2972191379	10.7605966314	1.05357803016	0.457794643287	4.49340617524	4	   +1 
18.2972191379	10.7605966314	1.05357803016	0.457794643287	4.49340617524	4	   +1 
18.2972191379	10.7605966314	1.05357803016	0.457794643287	4.49340617524	5	   
18.2916863801	10.7553952834	1.04049522123	0.451615849881	4.13123663059	5	   
18.3073870438	10.7594149247	1.03683898254	0.452757421714	4.38528413524	5	   *
18.3310921591	10.758228715	1.04111860226	0.465383785316	4.78875610705	5	   *
18.3328500875	10.7653398289	1.07942113898	0.473400161781	4.8447423489	5	   *
18.3134909766	10.7780061716	1.07889859846	0.482768161565	5.21609037058	4	   +1 *
18.3227047388	10.7623773142	1.10562665579	0.453354441396	4.80285963541	5	   
18.3074246976	10.7599786636	1.09700393365	0.439273707775	4.55554439733	5	   
18.2980113424	10.770522014	1.10467689662	0.440644917983	4.40238186948	5	   
18.3178913088	10.8127472017	1.10699751477	0.461219754667	4.79178723655	5	   *
18.2802071033	10.8262418494	1.11679307489	0.465460963458	4.41132309676	4	   +1 
18.2497215484	10.7966414899	1.12072413643	0.457112509877	4.40133175008	4	   +1 
18.2425125775	10.7928606074	1.13661089175	0.455498993623	4.32743419039	4	   +1 
18.2384897232	10.7814688081	1.12713899276	0.44356655078	4.29128675563	4	   +1 
18.2384897232	10.7814688081	1.12713899276	0.44356655078	4.29128675563	4	   +1 
18.2276328699	10.7937795854	1.12386608455	0.425088248851	3.59519948353	5	   
18.2485841035	10.8124898547	1.11462363169	0.409165643648	3.83520600415	5	   *
18.2485841035	10.8124898547	1.11462363169	0.409165643648	3.83520600415	5	   
18.2272151542	10.8092546756	1.12346067307	0.439550621431	4.21613461717	4	   +1 *
18.2272151542	10.8092546756	1.12346067307	0.439550621431	4.21613461717	4	   +1 
18.2164328899	10.7928281878	1.10924762126	0.422654147691	4.13176807373	4	   +1 
18.180322372	10.8019793776	1.08776346741	0.423038704462	4.66172351643	4	   +1 *
18.180322372	10.8019793776	1.08776346741	0.423038704462	4.66172351643	4	   +1 
18.1695447355	10.7892527875	1.07090132377	0.396658468862	3.93128687651	4	   +1 
18.1860502153	10.7784229575	1.0833875224	0.394236298768	3.32137728934	5	   
18.1860502153	10.7784229575	1.0833875224	0.394236298768	3.32137728934	4	   +1 
18.1966852571	10.7571135017	1.09663626259	0.395176045865	3.37289821403	5	   *
18.1966852571	10.7571135017	1.09663626259	0.395176045865	3.37289821403	5	   
18.2010439808	10.7730748816	1.09645549436	0.36585668142	3.32940612986	5	   
18.2027938005	10.7883529677	1.07752243632	0.396637233996	3.29698420161	5	   
18.1729975648	10.7645475049	1.05589573651	0.392246553648	3.29257573921	5	   
18.1770119904	10.7773360056	1.07012056435	0.394462242809	3.29850863051	5	   *
18.2113104749	10.7986576664	1.06241626238	0.408068578178	3.33320865546	5	   *
18.2139687138	10.8112442221	1.02850477154	0.387695491751	3.36563729066	5	   *
18.2139687138	10.8112442221	1.02850477154	0.387695491751	3.36563729066	5	   
18.2139687138	10.8112442221	1.02850477154	0.387695491751	3.36563729066	4	   +1 
18.2139687138	10.8112442221	1.02850477154	0.387695491751	3.36563729066	5	   
18.2139687138	10.8112442221	1.02850477154	0.387695491751	3.36563729066	5	   
18.1913323964	10.8020629091	1.04128143277	0.393634255419	3.2112216522	5	   
18.1913323964	10.8020629091	1.04128143277	0.393634255419	3.2112216522	5	   
18.2201780436	10.8355454929	1.06520903454	0.389419997782	3.4939103856	5	   *
18.2323672556	10.8554347826	1.07936856921	0.405112601344	3.61375622759	5	   *
18.2188754563	10.8564279538	1.11696944909	0.405186432444	3.48243356189	5	   
18.1962667969	10.8514709369	1.10368705939	0.396804937307	3.23467104062	5	   
18.1694397194	10.8483867998	1.1090634243	0.385759979903	3.13525103809	5	   
18.1637059598	10.8463831228	1.08426222484	0.389297044619	3.10245931502	5	   
18.1703536574	10.8363671736	1.06155833428	0.383519604578	3.12532301088	5	   *
18.158568893	10.868183354	1.06057558526	0.377093153274	3.02043724757	5	   
18.158568893	10.868183354	1.06057558526	0.377093153274	3.02043724757	5	   
18.1562611244	10.8829999094	1.09838356613	0.352295383525	4.81071749962	5	   *
18.1250988197	10.8603135703	1.0738494174	0.310769192578	4.69506855742	5	   
18.1250988197	10.8603135703	1.0738494174	0.310769192578	4.69506855742	5	   
18.0939520837	10.8664597805	1.09364580107	0.365279990671	3.23746175324	5	   
18.0939520837	10.8664597805	1.09364580107	0.365279990671	3.23746175324	4	   +1 
18.0939520837	10.8664597805	1.09364580107	0.365279990671	3.23746175324	4	   +1 
18.0591854432	10.8516694773	1.08567636745	0.363924041951	5.96650909379	4	   +1 *
18.0784278183	10.8599024854	1.06607151152	0.386189513762	5.9021737776	4	   +1 
18.116145536	10.8550101486	1.07530689011	0.365797816531	3.18468825265	5	   
18.1205818314	10.8781463017	1.08320497407	0.382218578677	3.18687456497	5	   *
18.1370224043	10.8713507922	1.08481443391	0.381972456028	3.13920416184	5	   
18.1384506198	10.8634545651	1.06773036276	0.390313433244	3.1601170464	5	   *
18.1384506198	10.8634545651	1.06773036276	0.390313433244	3.1601170464	4	   +1 
18.1313124458	10.8663502129	1.03582328169	0.377502831778	3.14276787908	5	   
18.1313124458	10.8663502129	1.03582328169	0.377502831778	3.14276787908	4	   +1 
18.090459811	10.8547446662	1.00494183191	0.351663219922	3.24251585296	5	   *
18.090459811	10.8547446662	1.00494183191	0.351663219922	3.24251585296	5	   
18.1040219416	10.8413634438	1.01227840478	0.357815161527	3.21067366766	5	   
18.1040219416	10.8413634438	1.01227840478	0.357815161527	3.21067366766	4	   +1 
18.1068374679	10.8313071029	1.0176257968	0.363023292979	3.24418743101	5	   *
18.0835512829	10.8496921148	1.00561908522	0.337364477625	3.22834914415	5	   
18.121218755	10.8432332699	1.00832816443	0.335379424725	2.95059088184	5	   
18.1303394089	10.8464380234	0.991263601125	0.353682495403	3.00765078472	5	   *
18.1419636016	10.8447153294	1.03928788074	0.344555955347	2.97905540546	5	   
18.1272581109	10.8523585013	1.03717578458	0.338508227383	2.95322448192	5	   
18.1272581109	10.8523585013	1.03717578458	0.338508227383	2.95322448192	5	   
18.1208483535	10.8544961657	1.05180019626	0.355966761005	3.00923687997	5	   *
18.1136599967	10.8690170639	1.06084026447	0.36951496124	3.17964814733	5	   *
18.1382018311	10.8775800152	1.06169413314	0.370617707989	3.02179654765	5	   
18.1303359811	10.8633941314	1.09028783506	0.416522226707	5.65079374039	4	   +1 *
18.1186492836	10.8747964001	1.11819686438	0.41844678403	5.69113936394	4	   +1 *
18.1186492836	10.8747964001	1.11819686438	0.41844678403	5.69113936394	4	   +1 
18.1186492836	10.8747964001	1.11819686438	0.41844678403	5.69113936394	4	   +1 
18.1080461415	10.8547161253	1.11273531525	0.402534931219	5.75634933997	4	   +1 *
18.1136203173	10.8466614732	1.09094746798	0.41022173738	5.8206623309	4	   +1 *
18.1214158571	10.8473875953	1.08185854269	0.397519581117	4.59914816151	4	   +1 
18.1294513105	10.850441042	1.08168612374	0.385454775847	3.21834589302	5	   
18.1294513105	10.850441042	1.08168612374	0.385454775847	3.21834589302	4	   +1 
18.1294513105	10.850441042	1.08168612374	0.385454775847	3.21834589302	4	   +1 
18.1020268042	10.8628171143	1.05194971415	0.368412655849	3.20928576472	5	   
18.0986188459	10.8891428702	1.03805900876	0.374180718169	3.21761427648	5	   *
18.1087822493	10.8818498386	1.01849335213	0.392314312694	4.59894392882	4	   +1 *
18.1344064115	10.8991908293	1.03476314947	0.408454483689	3.84721707787	4	   +1 
18.1443737858	10.9001004966	1.02460329036	0.420378287467	3.84406853411	4	   +1 
18.1669660835	10.9320203506	0.993188275044	0.42483843386	3.15360014208	5	   
18.1601738095	10.9429329852	1.01338066831	0.42299141484	3.13439278298	5	   
18.1324910162	10.9500645046	1.03200199989	0.406225693974	3.0946095796	5	   
18.142956652	10.955186481	1.02773145058	0.396120095903	2.96921743035	5	   
18.1162607991	10.9437799222	1.02906387039	0.395161997827	3.13843366625	5	   *
18.1162607991	10.9437799222	1.02906387039	0.395161997827	3.13843366625	4	   +1 
18.1162607991	10.9437799222	1.02906387039	0.395161997827	3.13843366625	5	   
18.1188112337	10.9257670326	1.05384794937	0.377668363121	3.08989647232	5	   
18.1450603639	10.9191628564	1.04562775455	0.368142573247	2.95183183081	5	   
18.1450603639	10.9191628564	1.04562775455	0.368142573247	2.95183183081	5	   
18.1351304436	10.924930337	1.03380193902	0.354004099837	4.66796110114	5	   *
18.1466466791	10.9341065646	1.02126050723	0.336482183083	4.74212434981	5	   *
18.1591894091	10.8972571858	0.999237111407	0.338283976341	4.80578223586	5	   *
18.1592243845	10.8801391613	0.983932027197	0.354064545271	4.76732404549	5	   
18.1697569807	10.9014059185	0.981061775932	0.349260492954	4.84908247183	5	   *
18.1633195976	10.911673555	0.963052782363	0.33698824065	4.7685201798	5	   
18.166597627	10.9120647336	0.967333754273	0.330313659104	4.78460688515	5	   *
18.166597627	10.9120647336	0.967333754273	0.330313659104	4.78460688515	5	   
18.1052975721	10.9246423855	0.965062050865	0.335554303677	4.64302006307	5	   
18.1220592793	10.9061134202	0.942638121938	0.301233770165	4.65859604489	5	   *
18.1338403912	10.9354216201	0.916691071402	0.319428253071	4.66438440708	5	   *
18.1141152107	10.9311447774	0.928932793568	0.318503716007	4.64743996233	5	   
18.1218388505	10.9235240176	0.931363760502	0.310431773592	4.64670705933	5	   
18.1401407696	10.9408151774	0.910962826947	0.314615509825	4.63547305209	5	   
18.1225860562	10.9484422337	0.899431995225	0.278827898107	4.61050531229	5	   
18.1225860562	10.9484422337	0.899431995225	0.278827898107	4.61050531229	5	   
18.1418611154	10.9388292436	0.910894464529	0.284991600488	4.6902174292	5	   *
18.1418611154	10.9388292436	0.910894464529	0.284991600488	4.6902174292	5	   
18.1215636687	10.9446075865	0.894394248775	0.291155963475	4.59361590174	5	   
18.125894841	10.9569138236	0.867846783152	0.300024749363	4.59352641843	5	   
18.1107403327	10.9545661204	0.858606785623	0.314195662407	4.63067011687	5	   *
18.1006824379	10.9675312726	0.852306724632	0.312204010026	4.63141249955	5	   *
18.1240420677	10.969552569	0.829291033252	0.310936462219	4.59489154017	5	   
18.1387555903	10.9533975358	0.837546375248	0.292007107898	4.63813245932	5	   *
18.1268778337	10.9431648626	0.857378367476	0.302880385934	4.59839136924	5	   
18.1268778337	10.9431648626	0.857378367476	0.302880385934	4.59839136924	5	   
18.1176490111	10.9508777541	0.846048024172	0.307177306214	4.65342430535	5	   *
18.1504176564	10.9630564688	0.879628317471	0.299449874252	4.69237454682	5	   *
18.1181547988	10.9789945628	0.858249693985	0.306626185923	4.58446385106	5	   
18.1015219954	10.994018418	0.850029694937	0.329941761527	4.64885947405	5	   *
18.1123059176	10.9845688795	0.821500589455	0.367042076406	2.94870180954	5	   
18.1001629439	10.9746415762	0.839170946099	0.37297477496	3.15529340421	5	   *
18.1025610526	10.9886113434	0.852455263549	0.385059266069	3.14506341707	5	   
18.1278140192	10.9633465068	0.831448877592	0.392926983412	3.13792504113	5	   
18.1158612861	10.961388518	0.848442150904	0.399304924923	3.17133951638	5	   *
18.1258271305	10.9713579331	0.841728861577	0.404777454462	3.15235570626	5	   
18.1230512717	10.9621646764	0.81125528752	0.387567901845	3.14199886683	5	   
18.1110190763	10.9801088644	0.807260459585	0.38363596327	3.14716461831	5	   *
18.0801197748	10.9932354677	0.820312418595	0.391398284259	4.02765368715	4	   +1 *
18.0751204392	10.9886240201	0.825186194185	0.390111068583	4.09031924852	4	   +1 *
18.0999262114	11.011512453	0.839514779892	0.38579258871	3.14906865813	5	   
18.1084898775	10.9913247376	0.868175978649	0.410106730582	3.85909636316	4	   +1 *
18.1084898775	10.9913247376	0.868175978649	0.410106730582	3.85909636316	4	   +1 
18.1202398526	11.0119572191	0.825888773412	0.403882468137	3.12511714225	5	   
18.1202398526	11.0119572191	0.825888773412	0.403882468137	3.12511714225	5	   
18.1409978579	10.9875255627	0.815914723299	0.394760044116	2.90468379445	5	   
18.1484554793	10.9844607833	0.831110787819	0.376882062671	2.91474203552	5	   *
18.128811764	10.964697874	0.823066819288	0.371818445859	2.91306913113	5	   
18.128811764	10.964697874	0.823066819288	0.371818445859	2.91306913113	5	   
18.0821336544	10.9751887633	0.81866035142	0.367486641996	3.31746092691	5	   *
18.0821336544	10.9751887633	0.81866035142	0.367486641996	3.31746092691	4	   +1 
18.0994980112	10.9632637171	0.797964873109	0.362038527273	3.06158351995	5	   
18.1025586523	10.9719162776	0.82236130116	0.367309502815	3.02433054989	5	   
18.1260745693	10.972639381	0.83209484765	0.36982321817	2.90878843999	5	   
18.1400504157	10.9558006154	0.846581214335	0.368896894518	2.91255470324	5	   *
18.1329601295	10.9447925503	0.834110125302	0.395845766437	3.14552217221	5	   *
18.1598088634	10.9360265001	0.829705780946	0.381687132265	2.93353690982	5	   
18.1464849856	10.8977807186	0.839944723609	0.377055692644	2.99530790058	5	   *
18.1483933222	10.8845819917	0.83262491469	0.389307001972	3.14922809501	5	   *
18.1529096332	10.8654415654	0.788524452031	0.366630187667	2.96166149692	5	   
18.1529096332	10.8654415654	0.788524452031	0.366630187667	2.96166149692	5	   
18.1643157757	10.8587044184	0.792587144056	0.379380217878	3.03250414517	5	   *
18.1339420765	10.8678998804	0.774228948007	0.390933646097	3.25378855981	5	   *
18.1339420765	10.8678998804	0.774228948007	0.390933646097	3.25378855981	4	   +1 
18.1339420765	10.8678998804	0.774228948007	0.390933646097	3.25378855981	4	   +1 
18.1348541165	10.8573245848	0.732231519015	0.351470804261	3.0104386415	5	   
18.1336017751	10.8677999652	0.698585474884	0.345722445853	2.99482324469	5	   
18.1275586832	10.859135525	0.689879304996	0.369999317708	3.26334085031	5	   *
18.136053892	10.8462811333	0.719215612223	0.359536056336	3.07467723802	5	   
18.1336384701	10.8516134458	0.729500536153	0.351160569008	3.04510372731	5	   
18.1442982687	10.8555565605	0.713148213586	0.392942424605	3.25325678923	5	   *
18.1442212266	10.8493161947	0.698236023983	0.399643927166	3.99092475736	4	   +1 *
18.1442212266	10.8493161947	0.698236023983	0.399643927166	3.99092475736	4	   +1 
18.1442212266	10.8493161947	0.698236023983	0.399643927166	3.99092475736	4	   +1 
18.1442212266	10.8493161947	0.698236023983	0.399643927166	3.99092475736	4	   +1 
18.1442212266	10.8493161947	0.698236023983	0.399643927166	3.99092475736	4	   +1 
18.1272040592	10.845826835	0.695397909149	0.378115362727	3.37630167777	5	   
18.1272040592	10.845826835	0.695397909149	0.378115362727	3.37630167777	4	   +1 
18.1507208285	10.8242748565	0.655308581138	0.391460852257	3.96502187078	4	   +1 *
18.1506590347	10.8238152828	0.667732736703	0.377498029043	3.22521225897	5	   
18.1345682042	10.8309657052	0.690885699417	0.374757243786	3.30354772565	5	   *
18.1493948383	10.8466944864	0.693292297888	0.350338191016	2.97236846974	5	   
18.1493948383	10.8466944864	0.693292297888	0.350338191016	2.97236846974	5	   
18.1493948383	10.8466944864	0.693292297888	0.350338191016	2.97236846974	5	   
18.1493948383	10.8466944864	0.693292297888	0.350338191016	2.97236846974	4	   +1 
18.1832171234	10.8459965304	0.671476747653	0.382464758363	3.0194018876	5	   *
18.1832171234	10.8459965304	0.671476747653	0.382464758363	3.0194018876	4	   +1 
18.1680658194	10.8579424898	0.684978835094	0.405385809195	3.23577446576	5	   *
18.1680658194	10.8579424898	0.684978835094	0.405385809195	3.23577446576	4	   +1 
18.1730966234	10.8542022955	0.699610987681	0.445999733039	5.73239374503	4	   +1 *
18.1435421792	10.8643359874	0.720444195248	0.47091658102	7.95485033334	4	   +1 *
18.1083732371	10.8923799452	0.745827505187	0.452085561041	8.22580355215	4	   +1 *
18.1225455741	10.8706768139	0.722978757584	0.435594427631	7.81746842337	4	   +1 
18.1225455741	10.8706768139	0.722978757584	0.435594427631	7.81746842337	4	   +1 
18.1037608965	10.8760766381	0.732581339709	0.395334029052	5.92409329162	4	   +1 
18.1037608965	10.8760766381	0.732581339709	0.395334029052	5.92409329162	4	   +1 
18.0997179091	10.88370665	0.723197834844	0.394503538931	5.95645219815	4	   +1 *
18.0997179091	10.88370665	0.723197834844	0.394503538931	5.95645219815	4	   +1 
18.0826568766	10.9223874638	0.708294774194	0.385200699264	5.00336463042	4	   +1 
18.0966250654	10.9292543029	0.712750643404	0.37309324678	3.37237517121	5	   
18.0966250654	10.9292543029	0.712750643404	0.37309324678	3.37237517121	4	   +1 
18.1012915252	10.9167021605	0.691569331406	0.353161037021	3.31484071297	5	   
18.0793450243	10.9035734603	0.680620430665	0.325302729063	3.25293965057	5	   
18.0793450243	10.9035734603	0.680620430665	0.325302729063	3.25293965057	5	   
18.0861685128	10.9039277461	0.654613226053	0.344754726596	3.42044946013	5	   *
18.1145993948	10.9183872421	0.622654486001	0.355395956963	3.15631831978	5	   
18.1035845441	10.9121799786	0.657856711017	0.361411125526	3.35389360906	5	   *
18.0940339544	10.9029273772	0.669018441513	0.356733860641	3.39041339069	5	   *
18.103795878	10.8992328824	0.666061291106	0.351452117851	3.33804321532	5	   
18.103795878	10.8992328824	0.666061291106	0.351452117851	3.33804321532	5	   
18.1285545105	10.9010482295	0.69159234541	0.362717989602	3.06631359175	5	   
18.1285545105	10.9010482295	0.69159234541	0.362717989602	3.06631359175	5	   
18.0941211546	10.8988646297	0.700658500964	0.37123152137	3.48470935982	5	   *
18.0941211546	10.8988646297	0.700658500964	0.37123152137	3.48470935982	4	   +1 
18.0941211546	10.8988646297	0.700658500964	0.37123152137	3.48470935982	4	   +1 
18.0941211546	10.8988646297	0.700658500964	0.37123152137	3.48470935982	4	   +1 
18.0941211546	10.8988646297	0.700658500964	0.37123152137	3.48470935982	4	   +1 
18.1068031207	10.8918833627	0.674944234599	0.368505736582	3.37189950875	5	   
18.1068031207	10.8918833627	0.674944234599	0.368505736582	3.37189950875	4	   +1 
18.1068031207	10.8918833627	0.674944234599	0.368505736582	3.37189950875	4	   +1 
18.1218753873	10.9029882804	0.677793888016	0.368965655624	3.22907156224	5	   
18.1627678352	10.8969372814	0.691727134954	0.366094484648	2.95409142414	5	   
18.1627678352	10.8969372814	0.691727134954	0.366094484648	2.95409142414	5	   
18.1627678352	10.8969372814	0.691727134954	0.366094484648	2.95409142414	5	   
18.1389435935	10.9004487963	0.662754560546	0.36675156541	3.06059642586	5	   *
18.1214542398	10.9003415712	0.661479474263	0.34151332483	3.00882466772	5	   
18.1214542398	10.9003415712	0.661479474263	0.34151332483	3.00882466772	5	   
18.1214542398	10.9003415712	0.661479474263	0.34151332483	3.00882466772	5	   
18.1309536168	10.916572297	0.677578828338	0.355084171275	2.97989343396	5	   
18.136372386	10.9289307486	0.644768323845	0.334222159207	4.67270853642	5	   *
18.1469697687	10.9150310087	0.642728955533	0.314190261779	4.6835908257	5	   *
18.1188750493	10.9085418615	0.651728140466	0.329101416184	4.72456811184	5	   *
18.1239408734	10.8944287615	0.640604388476	0.346625790018	3.01194355734	5	   
18.1239408734	10.8944287615	0.640604388476	0.346625790018	3.01194355734	5	   
18.1476428649	10.9229821802	0.621131992281	0.339104809065	4.66869521247	5	   *
18.1559600755	10.9072257986	0.631331236456	0.328429332566	4.69234884531	5	   *
18.1775523876	10.9171601306	0.659926390404	0.352511363589	4.73307414529	5	   *
18.1697414891	10.9168946566	0.661788081439	0.379572180543	2.96176572055	5	   
18.1351402397	10.9166155912	0.658468299821	0.395442391039	3.24772071298	5	   *
18.1536564875	10.9292178302	0.657570062197	0.414190341967	3.20910869207	5	   
18.1861636079	10.9224006834	0.653364350435	0.42067694306	3.16226866323	5	   
18.1938465171	10.9148384179	0.636794220374	0.42748503217	3.19133984324	5	   *
18.1938465171	10.9148384179	0.636794220374	0.42748503217	3.19133984324	4	   +1 
18.1938465171	10.9148384179	0.636794220374	0.42748503217	3.19133984324	4	   +1 
18.1482689587	10.9255590466	0.616841192584	0.418213429097	3.92382804799	4	   +1 *
18.1520477799	10.9106284684	0.61887308222	0.434203753393	5.74391533835	4	   +1 *
18.1427072526	10.91422338	0.638873439558	0.435029031414	5.77974188622	4	   +1 *
18.1352445939	10.9156061762	0.63682767049	0.403410515229	3.96682558801	4	   +1 
18.1433417286	10.9253706825	0.636651159636	0.405302384447	3.25213743874	5	   
18.1636920437	10.9227456243	0.635829522014	0.425396804041	3.87449693003	4	   +1 *
18.1636920437	10.9227456243	0.635829522014	0.425396804041	3.87449693003	4	   +1 
18.1636920437	10.9227456243	0.635829522014	0.425396804041	3.87449693003	4	   +1 
18.1426074818	10.9198110863	0.621684293762	0.447183328629	5.84006326147	4	   +1 *
18.1426074818	10.9198110863	0.621684293762	0.447183328629	5.84006326147	4	   +1 
18.1463638855	10.9191648634	0.608220063985	0.425965084225	4.72538779258	4	   +1 
18.1419378969	10.9296525955	0.602868075005	0.419368744419	4.02476291219	4	   +1 
18.1686407956	10.9255971041	0.591568146397	0.401998781015	3.06795208589	5	   
18.1575525607	10.9105214628	0.610468629115	0.39078338223	3.0672915336	5	   
18.1575525607	10.9105214628	0.610468629115	0.39078338223	3.0672915336	5	   
18.1410865552	10.9131002121	0.626179415723	0.394118708382	3.24543380708	5	   *
18.1410865552	10.9131002121	0.626179415723	0.394118708382	3.24543380708	4	   +1 
18.1550302509	10.9106956274	0.623927727502	0.385088442437	3.0672915336	5	   
18.1413843026	10.924974883	0.603921691916	0.404706487698	3.27865888062	5	   *
18.1550198932	10.9556089542	0.64594119218	0.404916808113	3.15786192283	5	   
18.1436573525	10.9784611123	0.684689232017	0.385041584541	2.94213306117	5	   
18.1686775547	10.9965544121	0.701207792356	0.408935042026	2.93800012506	5	   
18.1686775547	10.9965544121	0.701207792356	0.408935042026	2.93800012506	5	   
18.1686775547	10.9965544121	0.701207792356	0.408935042026	2.93800012506	4	   +1 
18.1686775547	10.9965544121	0.701207792356	0.408935042026	2.93800012506	5	   
18.1598919568	11.0058030977	0.675586738745	0.426278796446	3.10582435467	5	   *
18.1598919568	11.0058030977	0.675586738745	0.426278796446	3.10582435467	5	   
18.1840908825	11.0133771817	0.673026231865	0.420787512067	2.96302872016	5	   
18.1840908825	11.0133771817	0.673026231865	0.420787512067	2.96302872016	5	   
18.180554765	11.0405327507	0.636227042311	0.42000203664	2.94166369868	5	   
18.180554765	11.0405327507	0.636227042311	0.42000203664	2.94166369868	5	   
18.180554765	11.0405327507	0.636227042311	0.42000203664	2.94166369868	5	   
18.180554765	11.0405327507	0.636227042311	0.42000203664	2.94166369868	5	   
18.180554765	11.0405327507	0.636227042311	0.42000203664	2.94166369868	4	   +1 
18.1628913446	11.068257216	0.659933515021	0.419002491201	2.91698952834	5	   
18.1331685821	11.0593420751	0.618059406437	0.414483946222	3.04209497501	5	   *
18.1172109442	11.0433527693	0.630984404341	0.40150237711	3.20633066345	5	   *
18.1128866001	11.0592955566	0.641991894402	0.39508336521	3.07569343477	5	   
18.1128866001	11.0592955566	0.641991894402	0.39508336521	3.07569343477	4	   +1 
18.1128866001	11.0592955566	0.641991894402	0.39508336521	3.07569343477	5	   
18.1182694438	11.0718845312	0.649095322227	0.422738279731	3.19938455145	5	   *
18.1584002408	11.06598933	0.630052254514	0.434622241632	2.96027522985	5	   
18.1584002408	11.06598933	0.630052254514	0.434622241632	2.96027522985	5	   
18.1392257664	11.0693193429	0.603186794632	0.424774542981	3.14500422172	5	   *
18.1672198968	11.0717238539	0.593631379134	0.435716946271	2.92917014513	5	   
18.1672198968	11.0717238539	0.593631379134	0.435716946271	2.92917014513	5	   
18.1672198968	11.0717238539	0.593631379134	0.435716946271	2.92917014513	4	   +1 
18.2000237469	11.0764548874	0.585017413554	0.454714204096	2.99171692813	5	   *
18.2096370124	11.0794792259	0.556983582265	0.464558322523	3.03460896341	5	   *
18.1829440549	11.0696312669	0.535875799698	0.457306323372	3.00594106533	5	   
18.1829440549	11.0696312669	0.535875799698	0.457306323372	3.00594106533	4	   +1 
18.1829440549	11.0696312669	0.535875799698	0.457306323372	3.00594106533	4	   +1 
18.1704907144	11.0678585868	0.541540590144	0.48224860506	3.84329206473	4	   +1 *
18.1697981134	11.0730368758	0.573786688683	0.474906199444	3.81340990766	4	   +1 
18.1903687328	11.0866067425	0.56866396843	0.475115190041	3.01464824166	5	   
18.1903687328	11.0866067425	0.56866396843	0.475115190041	3.01464824166	4	   +1 
18.1903687328	11.0866067425	0.56866396843	0.475115190041	3.01464824166	4	   +1 
18.1977799317	11.0706825287	0.570869399572	0.48016869721	3.79835727659	4	   +1 *
18.202968465	11.0784523223	0.528463292237	0.487313159216	3.81400752421	4	   +1 *
18.2250160729	11.0628301596	0.503766894156	0.473148034385	3.10147639846	5	   
18.2087463609	11.0646206547	0.522983026567	0.512652171971	3.86311402975	4	   +1 *
18.2046423145	11.0685584657	0.509196757562	0.490938223722	3.83156251039	4	   +1 
18.2092802765	11.051981125	0.475723208626	0.46082088462	3.01753738382	5	   
18.2473175258	11.0175739516	0.48822616125	0.479323581955	3.20843960285	5	   *
18.2373578445	11.0057805609	0.471554324211	0.45916085434	3.15294203884	5	   
18.2432896934	11.0186416829	0.404888371132	0.465636041121	3.16882079723	5	   *
18.2426783822	11.0425461686	0.417746087045	0.483093555803	3.17082190284	5	   *
18.2477308799	11.018458409	0.417442727069	0.517472812686	3.99736198441	4	   +1 *
18.241682411	11.0012953584	0.399435862428	0.492539591241	3.96044333984	4	   +1 
18.2509580268	10.994247649	0.379365273754	0.4961313503	3.9916840128	4	   +1 *
18.2401280619	10.9897779144	0.401203450891	0.511858169995	4.66523793748	4	   +1 *
18.2449315939	10.9875229572	0.380534030852	0.508832052794	3.99603192363	4	   +1 
18.2449315939	10.9875229572	0.380534030852	0.508832052794	3.99603192363	4	   +1 
18.2449315939	10.9875229572	0.380534030852	0.508832052794	3.99603192363	4	   +1 
18.2449315939	10.9875229572	0.380534030852	0.508832052794	3.99603192363	4	   +1 
18.2449315939	10.9875229572	0.380534030852	0.508832052794	3.99603192363	4	   +1 
18.2198094374	10.9936497716	0.375405539456	0.511535679045	5.71825659188	4	   +1 *
18.2243256682	10.9803550465	0.351194465172	0.487986637715	4.64507813951	4	   +1 
18.2243256682	10.9803550465	0.351194465172	0.487986637715	4.64507813951	4	   +1 
18.2243256682	10.9803550465	0.351194465172	0.487986637715	4.64507813951	4	   +1 
18.2325237051	10.9519125216	0.347262907178	0.484076085527	4.65758666524	4	   +1 *
18.2503583671	10.9316937223	0.351601142809	0.468385167685	3.98061297848	4	   +1 
18.226060678	10.9353751767	0.349997515837	0.475392525145	4.67388677473	4	   +1 *
18.224223712	10.9470980889	0.360234321468	0.456234068067	3.90732463289	4	   +1 
18.2355838078	10.9489610236	0.365196439308	0.463551978294	3.94510917079	4	   +1 *
18.2355838078	10.9489610236	0.365196439308	0.463551978294	3.94510917079	4	   +1 
18.2170796646	10.9240617924	0.358927056469	0.442305214	3.2843578275	5	   
18.2199729392	10.9413867433	0.325619398681	0.454308091518	3.95611962091	4	   +1 *
18.2022114889	10.9005851941	0.312505669045	0.454944133353	5.83825027958	4	   +1 *
18.2022114889	10.9005851941	0.312505669045	0.454944133353	5.83825027958	4	   +1 
18.2022114889	10.9005851941	0.312505669045	0.454944133353	5.83825027958	4	   +1 
18.2364087751	10.910865007	0.328241822968	0.490212692731	5.76535729803	4	   +1 
18.2232535551	10.8966952799	0.286812234985	0.477813439444	5.87034311711	4	   +1 *
18.2431373036	10.9018499856	0.28126924637	0.462326362763	4.01360586462	4	   +1 
18.2553522836	10.8934519085	0.30149799471	0.468943289262	4.00074203456	4	   +1 
18.2759289377	10.9261389717	0.335476460931	0.47485109321	3.33082924369	5	   
18.2850522715	10.9299683407	0.330969961696	0.467749103567	3.37574931855	5	   *
18.3115065383	10.9182307692	0.314063794328	0.46595021083	3.66594434698	5	   *
18.3258531813	10.9079027986	0.292104180069	0.483288116728	3.7937277699	5	   *
18.3222407434	10.9102327897	0.291085076361	0.511275929788	4.46575427997	4	   +1 *
18.3055871827	10.9096300366	0.306667695803	0.548100168446	5.97328434835	4	   +1 *
18.3196901077	10.9099867303	0.280309811671	0.533932524126	5.07038716708	4	   +1 
18.2993015679	10.9306703435	0.289091342383	0.528140558429	4.90721705703	4	   +1 
18.2830881327	10.9130575764	0.294718872412	0.511115648564	4.78942293233	4	   +1 
18.2830881327	10.9130575764	0.294718872412	0.511115648564	4.78942293233	4	   +1 
18.2830881327	10.9130575764	0.294718872412	0.511115648564	4.78942293233	4	   +1 
18.2957212998	10.9299660568	0.313885800277	0.520252066039	4.21582397895	4	   +1 
18.2957212998	10.9299660568	0.313885800277	0.520252066039	4.21582397895	4	   +1 
18.2957212998	10.9299660568	0.313885800277	0.520252066039	4.21582397895	4	   +1 
18.3070206577	10.9379512261	0.290780436046	0.534382416741	4.31129286405	4	   +1 *
18.3070206577	10.9379512261	0.290780436046	0.534382416741	4.31129286405	4	   +1 
18.3070206577	10.9379512261	0.290780436046	0.534382416741	4.31129286405	4	   +1 
18.3070206577	10.9379512261	0.290780436046	0.534382416741	4.31129286405	4	   +1 
18.3070206577	10.9379512261	0.290780436046	0.534382416741	4.31129286405	4	   +1 
18.3103040729	10.9278571359	0.305191364212	0.544117209597	6.03887278516	4	   +1 *
18.3363002407	10.925414485	0.287104041581	0.534759102414	4.66451295299	4	   +1 
18.3694063231	10.9229490788	0.276672873339	0.555875656742	5.16774242324	4	   +1 *
18.3663513242	10.9216717948	0.263783741243	0.540961483812	4.6549814338	4	   +1 
18.3981581696	10.9381484531	0.242185873561	0.569937581974	5.33614948325	4	   +1 *
18.3704133276	10.9250033415	0.227742583285	0.578590371337	5.72634575714	4	   +1 *
18.3741624336	10.9283148229	0.28048401352	0.550214883382	4.85285249858	4	   +1 
18.3857186479	10.9452873645	0.278772837178	0.569870021606	5.09612653428	4	   +1 *
18.3857186479	10.9452873645	0.278772837178	0.569870021606	5.09612653428	4	   +1 
18.4212133636	10.9530170402	0.27657619562	0.559366718336	5.77411480693	5	   *
18.4137281645	10.9751818708	0.253270826088	0.551922790632	5.70130029629	5	   
18.4137281645	10.9751818708	0.253270826088	0.551922790632	5.70130029629	5	   
18.4077202044	10.9667593365	0.247943468423	0.550673629788	5.46402895728	5	   
18.428637152	10.9828436397	0.235736379199	0.564128812846	6.13338422357	5	   *
18.428637152	10.9828436397	0.235736379199	0.564128812846	6.13338422357	5	   
18.428637152	10.9828436397	0.235736379199	0.564128812846	6.13338422357	5	   
18.4053631684	10.9675846254	0.225457782744	0.581588566672	5.2747290696	4	   +1 
18.4187838326	10.9561019034	0.200487255202	0.579904622196	5.49275947887	4	   +1 *
18.434489044	10.9462116049	0.151953272655	0.589208208532	5.75679291705	4	   +1 *
18.3901202293	10.970398844	0.172357039278	0.597046236369	5.61484868268	4	   +1 
18.3958100893	10.9738732285	0.156787259526	0.584295277178	5.7768728556	4	   +1 *
18.3958100893	10.9738732285	0.156787259526	0.584295277178	5.7768728556	4	   +1 
18.3968942692	10.9695874633	0.179633012831	0.596324747241	5.77109062145	4	   +1 
18.3968942692	10.9695874633	0.179633012831	0.596324747241	5.77109062145	4	   +1 
18.4014533275	10.9468845294	0.20344605337	0.577316895008	5.37321977278	4	   +1 
18.3955434095	10.955356624	0.206579571816	0.58788984401	5.71461939021	4	   +1 *
18.4080871321	10.9484740091	0.17036688241	0.591724840989	5.91579240359	4	   +1 *
18.3863943159	10.9641106436	0.168592827809	0.598428793332	5.45905007904	4	   +1 
18.402191214	10.9550406164	0.163883273081	0.593218281829	5.78555273605	4	   +1 *
18.3789340332	10.9407988028	0.154734956095	0.577324919883	5.19301183377	4	   +1 
18.3736170563	10.9561107328	0.133563821051	0.566524204501	5.16794442602	4	   +1 
18.3819488179	10.93075624	0.103461814647	0.553695607141	5.18310996092	4	   +1 *
18.3819488179	10.93075624	0.103461814647	0.553695607141	5.18310996092	4	   +1 
18.3826597716	10.9177915223	0.0878893223246	0.58480522685	6.72770170056	4	   +1 *
18.381636404	10.9164633567	0.0891077527578	0.564402846821	5.04113902588	4	   +1 
18.381636404	10.9164633567	0.0891077527578	0.564402846821	5.04113902588	4	   +1 
18.4054888644	10.9255228715	0.101517497781	0.577695921349	5.61616244529	4	   +1 *
18.3980801144	10.9498914003	0.134375546297	0.572317685384	5.67897726378	4	   +1 *
18.3980801144	10.9498914003	0.134375546297	0.572317685384	5.67897726378	4	   +1 
18.4030017543	10.9374072409	0.146280078122	0.56635982061	5.2723445294	4	   +1 
18.4030017543	10.9374072409	0.146280078122	0.56635982061	5.2723445294	4	   +1 
18.4030017543	10.9374072409	0.146280078122	0.56635982061	5.2723445294	4	   +1 
18.4074063213	10.9336035823	0.158826209043	0.529168420966	5.19745017919	5	   
18.4163475202	10.92567199	0.130416420927	0.557070120901	5.19897303862	4	   +1 *
18.445390115	10.9195175616	0.0922977514553	0.521277720259	7.72811499709	5	   *
18.4146652788	10.9119899207	0.093045621419	0.542829497152	5.02077957397	5	   
18.3935503735	10.9085317073	0.114986363621	0.515610785157	4.64368026583	5	   
18.3935503735	10.9085317073	0.114986363621	0.515610785157	4.64368026583	5	   
18.4159524978	10.9275696306	0.0944508756612	0.536403636746	5.23038504583	5	   *
18.3920959085	10.9062697548	0.105113516557	0.546823669747	5.28586976669	4	   +1 *
18.3974872785	10.8956303151	0.0714070641099	0.543757818171	5.28577067158	4	   +1 
18.3946466625	10.8786721187	0.0945457477555	0.515699900078	4.44102479694	5	   
18.4164256024	10.8677632659	0.11290069232	0.529246449407	4.87739928341	5	   *
18.415213473	10.8837253021	0.111283608026	0.49932571873	5.09342989487	5	   *
18.3574263501	10.8889751239	0.0950515059047	0.51815213132	4.62501597906	4	   +1 
18.3396564993	10.8891934859	0.108562391581	0.512185125715	4.42171078425	4	   +1 
18.3121094336	10.8840581409	0.109073633754	0.524288519047	5.95368323796	4	   +1 *
18.3121094336	10.8840581409	0.109073633754	0.524288519047	5.95368323796	4	   +1 
18.3025629967	10.8828591396	0.0798367980763	0.51289679964	5.96997013249	4	   +1 *
18.3025629967	10.8828591396	0.0798367980763	0.51289679964	5.96997013249	4	   +1 
18.357745501	10.8839870852	0.0967638263724	0.521773879069	4.61983239215	4	   +1 
18.3714556887	10.88477428	0.126161695056	0.523830161568	4.87657846825	4	   +1 *
18.3395354919	10.8972067825	0.129578686348	0.520680954701	4.46281795788	4	   +1 
18.3395354919	10.8972067825	0.129578686348	0.520680954701	4.46281795788	4	   +1 
18.3395354919	10.8972067825	0.129578686348	0.520680954701	4.46281795788	4	   +1 
18.3476278789	10.8854431775	0.133266643985	0.50973285159	4.55064076755	4	   +1 *
18.3294442636	10.8860053391	0.145088694841	0.510291620933	4.34937667425	4	   +1 
18.3650642801	10.870185154	0.117716461453	0.517737447598	4.70310160469	4	   +1 *
18.3614636685	10.8675666074	0.152387408749	0.537091835292	4.65141091188	4	   +1 
18.3395393128	10.8923062301	0.141921320562	0.517043910013	4.47323810948	4	   +1 
18.3395393128	10.8923062301	0.141921320562	0.517043910013	4.47323810948	4	   +1 
18.3400702084	10.876346845	0.181756634993	0.515095455848	4.47516581586	4	   +1 *
18.3400702084	10.876346845	0.181756634993	0.515095455848	4.47516581586	4	   +1 
18.3299588069	10.88136722	0.191492424481	0.518991791082	4.37682286198	4	   +1 
18.3299588069	10.88136722	0.191492424481	0.518991791082	4.37682286198	4	   +1 
